-1.120001
0.890002
0.369999
1.94
-1.139999
-0.100001
-2.550001
-1.009998
-0.280001
1.66
-0.49
-0.84
-0.469999
0.339998
-0.379999
-0.48
0.100001
-0.700001
-0.620001
0.450001
-0.289999
0.16
-0.210001
-0.709999
-0.930001
-0.380001
-1.769998
0.24
-0.420001
-1.85
0.33
0.299999
-0.139999
-0.76
0.37
-0.03
-0.24
-0.32
-0.48
-0.66
-0.27
-0.07
0.64
0.3
0.09
-0.33
0.91
-0.35
-0.67
0.56
-0.37
-0.04
-0.24
0.12
-0.18
-0.11
0.23
-0.15
-0.06
-0.45
0.87
-0.96
0.61
-0.43
-0.29
-0.3
-0.09
-0.28
-0.47
0.03
0.56
0.34
0.14
-0.31
0.28
-0.56
-0.07
0.49
0.24
0.75
0.14
-0.13
-0.28
1.09
-0.46
0.31
0.36
0.55
-0.85
0.54
0.11
0.35
0.150001
1.059999
-1.17
0.48
0.309999
0.34
0.610001
0.120001
0.119999
0.17
-0.24
-0.01
-0.64
-0.84
-0.44
0.02
-1.11
0.05
0.21
0.44
-0.04
-0.16
-1.11
-0.04
-0.105
-0.125
0.4
-0.18
0.39
0.27
0.69
0.42
0.98
-0.31
0.42
0.020001
-0.040001
0.149999
-0.389999
-1.09
1.139999
0.09
-0.76
1.370001
-0.01
-0.09
0.59
0.26
0.09
1.030001
0.08
-0.09
0.819999
0.020001
0.49
-0.690001
0.33
0.040001
-0.01
-0.600001
1.520001
-0.010001
-0.630001
-1.699998
-0.16
0.09
-0.220001
-0.199999
0.17
-0.100001
-0.079999
0.199998
0.770001
0.42
-0.129999
0.049999
0.110001
-0.340001
-0.470001
0.51
-0.329999
-0.340001
-0.76
-0.349998
0.199999
0.42
0.739999
1.120001
-0.26
0.24
0.77
-0.389999
0.32
1.029998
-0.5
-0.349998
1.619999
-0.379999
-1.810002
0.440001
-0.48
-0.130001
0.490002
-0.820002
-0.17
3.360001
0.41
-2.3
-2.34
0.035
-0.045
-0.09
0.01
-0.379999
-0.310001
0.36
5.17
5.4
-3
-0.23
3.949999
-1.969999
-0.42
0.52
1.600001
-5.32
-1.950001
1.270001
-1.310002
-1
5.190001
1.69
3.4
-3.31
-0.069999
-1.630001
-0.75
1.309999
0.810002
2.109998
0.430001
-0.529999
-0.280001
3.530001
1.639999
-0.200001
-2.619999
0.399998
-0.559997
1.040001
1.759998
2.59
3.349998
6.25
4.840001
-2.430001
1.940003
-3.760002
3.060001
